0.300000 1 0 0
1.100000 0 1 0
1.500000 0 0 1
0.200000 1 0 0
1.800000 0 1 0
2.300000 0 0 1
0.400000 1 0 0
1.300000 0 1 0
2.000000 0 0 1
0.200000 1 0 0
1.500000 0 1 0
2.000000 0 0 1
0.500000 1 0 0
1.200000 0 1 0
1.800000 0 0 1
0.200000 1 0 0
1.300000 0 1 0
2.100000 0 0 1
0.200000 1 0 0
1.400000 0 1 0
1.800000 0 0 1
0.400000 1 0 0
1.400000 0 1 0
1.800000 0 0 1
0.200000 1 0 0
1.700000 0 1 0
1.800000 0 0 1
0.200000 1 0 0
1.500000 0 1 0
2.100000 0 0 1
0.200000 1 0 0
1.000000 0 1 0
1.600000 0 0 1
0.200000 1 0 0
1.100000 0 1 0
1.900000 0 0 1
0.400000 1 0 0
1.000000 0 1 0
2.000000 0 0 1
0.100000 1 0 0
1.200000 0 1 0
2.200000 0 0 1
0.200000 1 0 0
1.600000 0 1 0
1.500000 0 0 1
0.100000 1 0 0
1.500000 0 1 0
1.400000 0 0 1
0.200000 1 0 0
1.600000 0 1 0
2.300000 0 0 1
0.200000 1 0 0
1.500000 0 1 0
2.400000 0 0 1
0.100000 1 0 0
1.300000 0 1 0
1.800000 0 0 1
0.200000 1 0 0
1.300000 0 1 0
1.800000 0 0 1
0.200000 1 0 0
1.300000 0 1 0
2.100000 0 0 1
0.300000 1 0 0
1.200000 0 1 0
2.400000 0 0 1
0.300000 1 0 0
1.400000 0 1 0
2.300000 0 0 1
0.200000 1 0 0
1.200000 0 1 0
1.900000 0 0 1
0.600000 1 0 0
1.000000 0 1 0
2.300000 0 0 1
0.400000 1 0 0
1.300000 0 1 0
2.500000 0 0 1
0.300000 1 0 0
1.200000 0 1 0
2.300000 0 0 1
0.200000 1 0 0
1.300000 0 1 0
1.900000 0 0 1
0.200000 1 0 0
1.300000 0 1 0
2.000000 0 0 1
0.200000 1 0 0
1.100000 0 1 0
2.300000 0 0 1
0.200000 1 0 0
1.300000 0 1 0
1.800000 0 0 1

